582
607
633
656
683
710
752
777
809
834
583
584
581
571
573
574
575
572
576
578
577
585
586
587
588
589
590
591
592
593
594
595
596
597
598
599
600
601
602
603
604
605
580
579
608
609
610
611
612
613
614
615
616
617
618
619
620
621
622
623
624
625
626
627
628
629
631
630
634
635
636
637
638
639
640
641
642
643
644
645
646
647
648
649
650
651
652
653
654
657
658
660
661
662
663
664
665
666
667
668
669
670
671
672
673
674
675
676
677
678
659
679
681
680
684
685
687
688
689
690
691
692
693
694
695
696
697
698
699
700
701
702
703
704
705
686
706
708
707
711
712
713
714
715
716
717
718
719
720
721
722
723
724
725
726
727
728
729
730
731
732
733
734
735
736
737
738
739
740
741
742
743
744
745
746
747
748
749
750
753
754
756
755
757
758
759
760
761
762
763
764
765
766
767
768
769
770
771
772
773
774
775
778
779
781
780
782
783
784
785
786
787
788
789
790
791
792
793
794
795
796
797
798
799
800
801
803
804
802
807
805
806
810
811
813
812
814
815
816
817
818
819
820
821
822
823
824
825
826
827
828
829
830
831
832
835
836
838
837
839
840
841
842
843
844
845
846
847
848
849
850
851
852
853
854
855
856
857
858
860
861
859
864
862
863
