11
56
95
134
182
12
13
10
0
2
3
4
1
5
7
6
14
16
17
15
18
19
20
21
22
23
24
25
26
27
28
29
30
31
32
33
34
35
38
37
39
36
42
41
40
44
45
43
46
47
50
49
48
9
8
57
58
59
61
62
60
63
64
65
66
67
68
69
70
71
72
73
74
75
76
77
78
79
80
83
82
84
81
87
86
85
89
90
88
93
92
91
96
97
98
100
101
99
102
103
104
105
106
107
108
109
110
111
112
113
114
115
116
117
118
119
122
121
123
120
126
125
124
128
129
127
132
131
130
135
136
137
139
140
138
141
142
143
144
145
146
147
148
149
150
151
152
153
154
155
156
157
158
161
160
162
159
165
164
163
167
168
166
169
170
173
172
171
178
179
180
183
184
185
187
188
186
189
190
191
192
193
194
195
196
197
198
199
200
201
202
203
204
205
206
209
208
210
207
213
212
211
215
216
214
219
218
217
